57.017
56.187
56.11
57.174
57.174
58.102
55.203
56.033
56.187
55.355
56.265
56.265
56.265
56.187
55.355
56.342
56.187
56.265
57.174
56.265
56.187
56.187
57.096
57.017
56.265
56.265
56.187
57.096
56.187
57.174
56.187
55.355
56.265
57.096
56.187
56.187
55.127
56.11
56.265
56.033
56.265
56.265
56.187
56.265
57.096
55.355
55.279
56.265
56.265
56.265
56.265
57.174
56.342
56.342
56.342
56.265
56.342
56.342
56.265
55.355
56.265
56.342
56.342
56.265
56.11
55.355
56.187
55.355
56.265
56.265
57.174
56.187
56.11
55.355
56.342
56.342
56.342
56.342
56.419
55.431
56.342
55.507
